10  10  r
  78.00  59.00  47.00  96.00  64.00  40.00   2.00  54.00  24.00  62.00
  15.00  87.00  84.00  86.00  39.00  30.00  45.00  19.00  72.00  99.00
  83.00   5.00  61.00  81.00  50.00  82.00  12.00  41.00  62.00   1.00
  65.00  84.00  22.00  95.00  34.00  16.00   7.00  23.00  30.00  17.00
  42.00  41.00  96.00   8.00   5.00  69.00  43.00  71.00  58.00  53.00
  54.00  69.00   0.00  49.00  98.00  63.00  72.00  74.00  79.00  20.00
  75.00   0.00  87.00  69.00  68.00  82.00  62.00  50.00  67.00  60.00
  61.00  49.00  64.00  61.00  93.00  27.00  15.00  98.00  79.00  84.00
   0.00  39.00  24.00  13.00  31.00  98.00  37.00  27.00  57.00  71.00
  15.00  86.00  14.00   3.00  81.00  41.00   3.00  89.00  57.00  68.00
