100
118011 98221206
9039068 56746950
79738802 8351011
7619883 63674589
28206745 20089296
78554402 32924225
96140463 48877170
82962540 59654413
2895231 1949944
88661674 31535073
42294170 40733376
946676 26153500
39628987 53493816
75108221 64768024
52117732 36679755
15376879 83346830
30007096 8392291
89980491 6829431
80506739 2421987
17002318 37548299
1743143 16289648
727481 93748154
78920505 11728496
23165178 59140406
59876153 91045255
20434177 29430254
52218000 97797641
98699100 66753942
9231526 15225756
69344984 97963674
96743791 60874895
8077619 17697678
58131979 847254
67637173 82172931
19663977 32120042
98812598 4638046
3358479 6367507
59444311 88423801
39552128 93724358
16102667 58528838
96361183 9928108
68129702 77678008
68225223 55277802
48731665 57790881
90720376 38846676
82809825 2797908
73829586 86386201
6217068 43741736
70857406 55359045
76127768 52101183
25176825 5538438
27208437 42275375
61995624 98611445
53276669 99165523
17329766 25223642
19135849 91791877
21371319 82902699
32273154 58883315
78438398 53298373
29108334 77377110
10694658 52176402
55480770 49766332
57825801 50603809
46062317 71232422
49860623 90763112
32383426 62500417
95324091 44832936
34160052 79354327
51909948 90372539
13608833 34750175
71860353 647734
97438061 94464190
39240054 73335730
96201933 32213657
41292583 46046364
75705572 55187921
41065992 72097257
60148346 35927050
43495619 54980357
71692954 11485655
72131376 64957406
36147802 35819363
98697084 86221799
9450156 96331445
92669323 68064362
4637579 30517112
83063323 78480522
23995146 3642947
49613386 83656398
26065942 33399014
85535337 1771289
82212345 72461108
99058501 4554065
2415581 84900670
45914723 65030981
35001070 77379853
9971912 74902374
69977046 71069251
74199613 79985788
673964 25225774
